


0.015625 


0.0277777777778 


1.0 


1.0 


1.0 


0.0232604772408 -0.0118307599759 
-0.0118307599759 0.0146380589533 


0.0290806754221 -0.0131332082552 
-0.0131332082552 0.012382739212 


0.0100430416069 -0.00789096126255 
-0.00789096126255 0.0133428981349 


0.0268074735987 -0.0154346060114 
-0.0154346060114 0.0149471974005 


0.0336058128974 -0.0181653042688 
-0.0181653042688 0.0165758401453 


0.00824464773668 -0.00285259316412 -0.00332513744999 
-0.00285259316412 0.0055405755634 -0.00398358050939 
-0.00332513744999 -0.00398358050939 0.00932736575992 


0.0178639231404 -0.0130525245939 0.00107868141983 
-0.0130525245939 0.018446890521 -0.00835618539897 
0.00107868141983 -0.00835618539897 0.0125174986097 


0.00353728146948 -0.00227613559808 -0.0011925320548 
-0.00227613559808 0.00553007245173 -0.0029906816239 
-0.0011925320548 -0.0029906816239 0.00576627904935 


0.0086551638296 -0.00470099431012 -0.0029541604608 
-0.00470099431012 0.00909800696509 -0.00450296476714 
-0.0029541604608 -0.00450296476714 0.00873210524439 


0.00789324209226 -0.00741615171868 -0.000488349143461 
-0.00741615171868 0.0216596214914 -0.0116297463455 
-0.000488349143461 -0.0116297463455 0.0124040682439 


0.00445368664807 -0.00234052776033 0.000208514180442 -0.00164235377999 
-0.00234052776033 0.00708808424671 -0.00406292758774 -0.000466358032109 
0.000208514180442 -0.00406292758774 0.00781475641521 -0.0035397280414 
-0.00164235377999 -0.000466358032109 -0.0035397280414 0.0060084382377 


0.0032887816768 -0.00135815176151 -0.000846719696792 -0.0010635287903 
-0.00135815176151 0.00343229495501 -0.000996350932011 -0.000843920277128 
-0.000846719696792 -0.000996350932011 0.0037897881832 -0.00111386560008 
-0.0010635287903 -0.000843920277128 -0.00111386560008 0.00358900886489 


0.00921121817462 -0.00634479737432 -0.00284502839826 0.00141742056928 
-0.00634479737432 0.0104799899273 -0.00131379387464 -0.00484399981898 
-0.00284502839826 -0.00131379387464 0.00741288095433 -0.00278613119486 
0.00141742056928 -0.00484399981898 -0.00278613119486 0.0098893312609 


0.00566522094579 -0.000865436084914 -0.00190421057082 -0.00232875674007 
-0.000865436084914 0.00496408063751 -0.000622820393687 -0.00280781767283 
-0.00190421057082 -0.000622820393687 0.00399208838751 -0.000964936716693 
-0.00232875674007 -0.00280781767283 -0.000964936716693 0.00574867403546 


0.00574275783188 -0.0014962215377 -0.00236320138738 -0.00209824769753 
-0.0014962215377 0.00556656359447 -0.00225259414408 -0.00131809637428 
-0.00236320138738 -0.00225259414408 0.005804330164 -0.000915683829619 
-0.00209824769753 -0.00131809637428 -0.000915683829619 0.00527423550788 


0.00374081437628 -0.000136009098513 -0.00115870043047 -0.000790194966885 -0.00151241488904 
-0.000136009098513 0.00284452508139 -0.00120703363652 -0.000850737656888 -0.000468887543836 
-0.00115870043047 -0.00120703363652 0.00337061581467 -0.00132271483998 0.000281196947794 
-0.000790194966885 -0.000850737656888 -0.00132271483998 0.00467693171048 -0.00145528808471 
-0.00151241488904 -0.000468887543836 0.000281196947794 -0.00145528808471 0.0035989367442 


0.00285144728917 -0.000278816690145 -0.000761078585309 0.000565241897024 -0.00196287022555 
-0.000278816690145 0.00433196062326 -0.00260192619816 0.000931969050498 -0.00259648382924 
-0.000761078585309 -0.00260192619816 0.00778731445426 -0.00241696568347 -0.000280205350292 
0.000565241897024 0.000931969050498 -0.00241696568347 0.00675203684945 -0.00477712524064 
-0.00196287022555 -0.00259648382924 -0.000280205350292 -0.00477712524064 0.00884484537589 


0.00493967336461 -0.00185525887016 -0.000190079962949 0.000743825402341 -0.00266467761451 
-0.00185525887016 0.00425890883459 -0.00218084284041 -0.00170205223776 0.000925952188857 
-0.000190079962949 -0.00218084284041 0.00620476546201 0.000145087241895 -0.00264392613784 
0.000743825402341 -0.00170205223776 0.000145087241895 0.00527895379368 -0.00284029788231 
-0.00266467761451 0.000925952188857 -0.00264392613784 -0.00284029788231 0.00607491232248 


0.00168785560044 -0.000587910923117 -0.000287814164042 -0.000313472888124 -0.00031921098249 
-0.000587910923117 0.00186201475181 -0.000525876302406 -0.000332434797757 -0.000459207561922 
-0.000287814164042 -0.000525876302406 0.00192903979089 -0.000482289948916 -0.000362836476282 
-0.000313472888124 -0.000332434797757 -0.000482289948916 0.0018572368809 -0.000468437301186 
-0.00031921098249 -0.000459207561922 -0.000362836476282 -0.000468437301186 0.00157739616047 


0.00343231613843 -0.000881405218673 -0.00083663481824 -0.00119230910805 -0.000441265400473 
-0.000881405218673 0.00244965311131 -0.000102754156481 -0.000914545352459 -0.000304723565696 
-0.00083663481824 -0.000102754156481 0.0020271306114 -0.000282000845361 -0.000597623324613 
-0.00119230910805 -0.000914545352459 -0.000282000845361 0.00255206617421 -0.000249718302853 
-0.000441265400473 -0.000304723565696 -0.000597623324613 -0.000249718302853 0.00183826791167 