


64 


36 


1 


1 


1 


73 59 
59 116 


66 70 
70 155 


186 110 
110 140 


92 95 
95 165 


73 80 
80 148 


434 483 361 
483 798 513 
361 513 455 


168 161 93 
161 232 141 
93 141 166 


844 614 493 
614 698 489 
493 489 529 


516 474 419 
474 583 461 
419 461 494 


474 347 344 
347 347 339 
344 339 412 


691 558 514 535 
558 716 616 571 
514 616 709 606 
535 571 606 714 


931 684 568 613 
684 863 549 576 
568 549 685 510 
613 576 510 754 


546 516 410 290 
516 630 445 360 
410 445 482 295 
290 360 295 319 


839 680 697 789 
680 856 652 803 
697 652 865 746 
789 803 746 1011 


917 712 756 674 
712 794 693 602 
756 693 847 621 
674 602 621 716 


1239 976 1085 994 965 
976 1328 1131 1007 902 
1085 1131 1421 1080 929 
994 1007 1080 1161 934 
965 902 929 934 1106 


875 608 451 450 630 
608 901 543 508 691 
451 543 504 425 505 
450 508 425 612 593 
630 691 505 593 792 


735 607 502 427 648 
607 864 577 514 626 
502 577 626 422 602 
427 514 422 589 568 
648 626 602 568 881 


2019 1714 1443 1443 1668 
1714 2276 1621 1585 1853 
1443 1621 1831 1414 1605 
1443 1585 1414 1843 1626 
1668 1853 1605 1626 2363 


1774 1486 1440 1654 1365 
1486 1752 1303 1592 1287 
1440 1303 1749 1463 1329 
1654 1592 1463 2035 1413 
1365 1287 1329 1413 1709 